nind=10
       s |  TMRCA mean |  TMRCA std | star_ratio |  within CV
--------------------------------------------------------------
     0.0 |     0.01676 |    0.01002 |     0.4496 |     1.2121
     1.0 |     0.01851 |    0.01140 |     0.4579 |     1.2410
     4.0 |     0.01629 |    0.00844 |     0.4704 |     1.2000
    20.0 |     0.00875 |    0.00143 |     0.2478 |     0.9480
   100.0 |     0.00224 |    0.00014 |     0.0806 |     0.5437
   400.0 |     0.00063 |    0.00003 |     0.0617 |     0.3140
  2000.0 |     0.00014 |    0.00001 |     0.0562 |     0.1634
nind=20
       s |  TMRCA mean |  TMRCA std | star_ratio |  within CV
--------------------------------------------------------------
     0.0 |     0.01929 |    0.01071 |     0.4401 |     1.6211
     1.0 |     0.01882 |    0.01008 |     0.4355 |     1.6062
     4.0 |     0.01909 |    0.00937 |     0.4305 |     1.6036
    20.0 |     0.00895 |    0.00117 |     0.2075 |     1.2182
   100.0 |     0.00226 |    0.00012 |     0.0757 |     0.7071
   400.0 |     0.00064 |    0.00003 |     0.0610 |     0.4096
  2000.0 |     0.00014 |    0.00001 |     0.0477 |     0.2291
wrote ../figures/tab_calib.tex
