   n |        s |  star_ratio mean |  star_ratio std
-------------------------------------------------------
  10 |      0.0 |           0.5426 |          0.1753
  10 |      1.0 |           0.4973 |          0.2810
  10 |      4.0 |           0.4778 |          0.1923
  10 |     20.0 |           0.3451 |          0.2004
  10 |    100.0 |           0.0730 |          0.0587
  10 |    400.0 |           0.0577 |          0.0324
  10 |   2000.0 |           0.0750 |          0.0454
  20 |      0.0 |           0.3146 |          0.2039
  20 |      1.0 |           0.3809 |          0.3133
  20 |      4.0 |           0.6765 |          0.1092
  20 |     20.0 |           0.1872 |          0.1722
  20 |    100.0 |           0.0900 |          0.0425
  20 |    400.0 |           0.0655 |          0.0439
  20 |   2000.0 |           0.0383 |          0.0237
 100 |      0.0 |           0.5060 |          0.1992
 100 |      1.0 |           0.4105 |          0.1896
 100 |      4.0 |           0.3990 |          0.2640
 100 |     20.0 |           0.1480 |          0.1245
 100 |    100.0 |           0.0512 |          0.0356
 100 |    400.0 |           0.0389 |          0.0305
 100 |   2000.0 |           0.0352 |          0.0252
wrote ../figures/tab_starratio.tex
neutral E[star ratio] at n=10: 0.4697 (500,000 draws)
neutral E[star ratio] at n=20: 0.4419 (500,000 draws)
neutral E[star ratio] at n=100: 0.4234 (500,000 draws)
